 0.83622998 0.191273004 0.986837983 0 0 0 0 0.241208002 0 0.181913003 0 0 0 0 0 0 0 0 0.422841996 0 0 0 0 0 0 0.634745002 0 0 0 0 0 0.738813996 0 0 0 0 0 0 0.202187002 0 0.882436991 0 0 0 0 0 0 0 0 0 0 0 0 0 0 0 0 0 0 0 0 0 0 0.218596995 0 0
 0.470753014 0 0.729260027 0 0 0 0 0.208985999 0 0 0 0 0 0 0 0 0 0 0.522782981 0 0 0 0 0 0 0.829333007 0 0 0 0 0 0.223049 0 0 0 0 0 0 0 0 0.88241303 0 0 0 0 0 0 0 0 0 0 0 0 0 0 0 0 0 0 0 0 0 0 0.246402994 0 0
 0.283464015 0 0.994542003 0.289348006 0 0 0 0 0 0 0 0 0 0.425837994 0 0 0 0 0.432422012 0 0 0 0 0.186234996 0 0.996847987 0.412285 0.228303 0 0 0 0.29855001 0 0 0.26108399 0 0 0 0 0 0.810388982 0 0 0 0 0 0 0 0 0 0 0 0 0 0 0 0 0 0 0 0.180850998 0 0 0 0.347371995 0
 0.989095986 0 0.957256973 0.227243006 0 0 0 0.185231999 0 0 0 0 0 0 0 0 0 0 0.40259999 0 0 0 0.285144001 0 0 0.999503016 0.193234995 0 0 0 0 0.764831007 0 0 0 0 0 0 0.449793011 0 0.598640978 0 0 0 0 0 0 0.31280899 0 0 0 0 0 0.396203011 0 0 0 0 0 0 0 0 0 0.47309199 0 0
 0.682500005 0.311538994 0.995995998 0.275159001 0 0 0.204724997 0.356478989 0 0 0 0 0 0 0 0 0 0 0.318859011 0 0 0 0.210796997 0 0 0.983470023 0.428131014 0 0 0 0 0.561168015 0 0 0.195608005 0 0 0 0.508862019 0 0.991616011 0 0 0 0 0 0 0.184351996 0 0.184019998 0 0 0.191422999 0.303721011 0 0 0 0 0 0 0.187351003 0 0 0 0 0
 0.919263005 0 0.955771029 0.438490987 0.226015002 0.205397993 0 0 0 0 0 0 0 0.744477987 0.377739996 0 0 0 0.327273011 0 0 0 0 0 0 0.999787986 0.281221002 0 0 0 0 0.53044802 0 0 0.181883007 0 0 0 0.330249012 0 0.951077998 0 0 0.202501997 0 0 0 0.205755994 0 0 0 0 0 0 0 0 0 0 0 0 0 0 0 0.270303011 0 0.362616003
 0.521443009 0 0.764982998 0.187929004 0 0 0 0.259256005 0 0 0 0 0 0.259272993 0 0 0 0 0.392495006 0 0 0 0.320980996 0 0 0.974860013 0 0 0 0 0 0.324306995 0 0.269603997 0 0.192844003 0 0 0 0 0.996351004 0 0 0 0.373452991 0 0 0 0 0 0 0 0 0 0 0 0 0 0 0 0 0.253782004 0 0 0 0
 0.942609012 0 0.999949992 0.719281971 0 0 0 0 0 0 0 0 0 0 0 0 0 0 0.452509999 0 0 0 0 0 0 0.984539986 0 0 0 0 0 0.354891986 0 0 0 0 0 0 0.182877004 0 0.302561998 0 0 0 0 0 0 0 0 0 0 0.437629014 0 0 0 0 0 0 0 0 0 0 0 0 0 0
 0.770443022 0 0.570995986 0.229695007 0.31170401 0 0 0.234405994 0 0 0 0 0 0 0 0 0 0.651432991 0.434329987 0 0 0 0.45370701 0 0 0.980090976 0 0 0 0 0.295758992 0.465079993 0.266422987 0 0.415132999 0 0 0 0.235504001 0 0.745939016 0 0 0 0 0 0 0.418529004 0 0 0 0 0 0.506609976 0.276594996 0 0 0 0 0 0 0.495647013 0 0 0.182532996 0.239686996
 0.310696989 0 0.737819016 0 0 0 0 0.214675993 0 0 0 0 0 0 0 0 0 0 0.367599994 0 0 0 0 0 0 0.986714005 0 0 0 0 0.519357979 0 0 0 0.437590986 0 0 0 0.182729006 0 0.725516021 0 0 0 0 0 0 0 0 0 0 0 0 0.337078989 0 0 0 0 0 0 0 0 0 0 0 0
 0.78225702 0 0.926156998 0.404978007 0 0 0.300173998 0 0 0 0 0 0 0 0 0 0 0 0.325717986 0 0 0 0.340943009 0 0 0.985312998 0 0 0 0 0 0.421000004 0 0 0 0.283163011 0 0 0.443194002 0 0.824975014 0 0 0 0 0 0 0 0 0 0 0 0.371605009 0.532980025 0 0 0 0 0 0 0.301301986 0 0 0.292704999 0 0
 0.894312978 0 0.893360972 0 0 0 0 0 0 0 0 0 0 0 0 0 0 0 0.360722989 0 0 0 0 0 0 0.989148974 0 0 0 0 0 0.536242008 0 0 0.339388996 0 0.185331002 0 0.321105003 0.197288007 0.620853007 0 0 0 0 0 0 0 0 0 0 0 0 0.541947007 0 0 0 0 0 0 0 0 0 0 0 0
 0.271003008 0 0.909385026 0.207974002 0 0 0 0.217008993 0 0 0 0 0 0 0 0 0 0 0.453956008 0 0 0 0 0 0 0.863169014 0 0 0 0 0 0 0 0 0 0 0 0.267652988 0.190088004 0 0.502427995 0 0 0 0 0 0 0 0 0 0 0 0 0 0 0 0 0 0 0 0.247401997 0 0 0 0 0
 0.535884976 0 0.716252983 0.510694027 0 0 0 0 0 0 0 0 0 0 0.212686002 0 0 0 0.533582985 0 0 0 0 0 0 0.940954983 0 0 0 0 0 0.204087004 0 0 0.374063998 0 0 0 0 0 0.649002016 0 0 0 0 0 0 0 0 0 0 0 0 0.329252988 0 0 0 0 0 0 0.203156993 0 0 0 0.241282001 0
 0.306450993 0 0.928103983 0.188044995 0 0 0 0.232631996 0 0 0 0 0 0 0 0 0 0 0.482255995 0 0 0 0 0 0 0.615243018 0 0 0 0 0 0.301802993 0 0 0.198348999 0 0 0 0 0 0.927525997 0 0 0 0.234408006 0.199342996 0 0 0 0 0 0 0 0 0 0 0 0 0 0 0 0 0 0 0 0
 0.316628993 0 0.962759018 0.182248995 0 0 0 0 0 0.189559996 0 0 0.186618 0 0.205403 0 0 0 0.444254994 0 0 0 0 0 0 0.88043499 0.188806996 0 0 0 0 0.498383999 0 0 0 0 0 0 0.185339004 0 0.652436972 0 0 0 0 0 0 0 0 0 0 0 0 0 0 0 0 0 0 0 0 0 0 0 0 0
 0.877668023 0 0.990647972 0.273615003 0 0 0.275159001 0.229910001 0 0 0 0.261456996 0 0 0 0 0 0 0.442148 0 0 0 0.712830007 0 0.366831005 0.984831989 0.305884987 0 0 0 0 0.788138986 0 0 0.46033901 0.193509996 0 0 0.230021 0 0.981128991 0 0 0 0 0 0 0 0 0 0 0 0 0.196845993 0 0 0 0 0 0 0 0 0 0.182166994 0 0
 0.570388019 0 0.981333971 0 0 0 0 0.293841988 0 0 0.561891019 0 0 0 0 0 0 0 0.486914009 0 0 0 0 0.488752991 0 0.979016006 0 0 0 0 0 0.512404978 0 0 0.237810001 0 0.508638024 0 0.289736986 0 0.546908975 0 0 0 0 0 0 0.283001006 0 0 0 0 0 0.212129995 0 0 0 0 0 0 0 0 0 0 0.185535997 0
 0.640271008 0 0.806235015 0.267338008 0 0 0 0 0 0 0 0 0 0 0 0 0 0 0.388516992 0 0 0 0 0 0 0.602047026 0.519775987 0 0 0 0 0.811331987 0 0 0 0 0 0 0 0 0.547381997 0 0 0 0 0 0 0 0 0 0 0 0 0 0 0 0 0 0 0 0.213303 0 0 0 0 0
 0.509579003 0 0.613328993 0 0 0 0 0 0 0 0 0 0 0 0 0 0 0 0.417948991 0 0 0 0 0 0 0.981033981 0 0 0 0 0 0.315838993 0 0 0 0 0 0 0.412151009 0 0.704681993 0 0 0 0 0 0 0 0 0 0 0 0 0.452268004 0 0 0 0 0 0 0.397985011 0 0 0 0.198802993 0
 0.921236992 0 0.496044993 0 0.183689997 0 0 0.282965004 0 0 0 0 0 0 0.218566 0 0 0 0.346367002 0 0 0 0 0 0 0.975888014 0 0 0 0 0 0.534533024 0 0 0 0.218799993 0 0 0 0 0.923143029 0.312074006 0 0 0 0 0 0 0 0 0 0 0 0.403391004 0 0 0 0 0 0 0.185154006 0.348069996 0 0.196888998 0 0
 0.53925699 0 0.999942005 0.260235012 0 0 0 0.271340013 0 0 0 0 0 0 0 0 0 0 0.445957005 0 0 0 0 0 0 0.989848018 0 0 0 0 0 0.36490199 0 0 0.637807012 0 0 0 0.343392015 0 0.945845008 0 0 0 0 0 0 0 0 0 0 0 0 0.585503995 0 0 0 0 0 0 0.187328994 0 0 0 0.365043014 0.606882989
 0.879760981 0 0.960170984 0.318717003 0 0 0 0 0 0 0 0 0.310279012 0.181237996 0 0 0 0 0.502547979 0 0 0.353619009 0 0.473037988 0 0.858437002 0 0 0 0 0 0.307514995 0 0 0 0 0 0 0.376174003 0 0.822932005 0 0 0 0.264744014 0 0 0 0 0 0 0 0 0.184979007 0 0 0 0 0 0 0.465521991 0.621066988 0 0.580471992 0.748790026 0
 0.803476989 0.362206995 0.83386898 0 0 0 0 0 0 0 0 0 0 0 0 0 0 0 0.447113991 0 0 0 0 0 0 0.98280102 0 0 0 0 0 0.234077007 0 0 0.184042007 0 0 0 0.431230992 0 0.547860026 0 0 0 0 0.240540996 0 0.184991002 0 0 0 0 0 0.184086993 0 0 0 0 0 0 0 0 0 0 0 0
 0.352084994 0 0.719502985 0 0 0 0 0 0 0 0 0 0 0.200991005 0 0 0 0 0.565985024 0 0 0 0 0 0 0.981419027 0 0 0 0 0 0.248123005 0 0 0.271492988 0 0 0 0 0 0.806644022 0 0 0 0.194261 0 0 0 0 0 0 0 0 0 0 0 0 0 0 0 0.253021002 0 0 0 0 0.419321001
 0.200315997 0 0.606567025 0 0 0 0.330044001 0.217081994 0 0 0 0 0.192794994 0 0 0 0 0 0.556141019 0 0 0 0 0.272718996 0 0.991129994 0 0 0 0 0 0.356047004 0 0 0 0.39348799 0 0 0.339996994 0 0.644792974 0 0 0 0 0 0 0 0 0 0 0 0 0.29332599 0 0 0 0 0 0 0 0.216701001 0 0 0.825219989 0
 0.654160976 0 0.999929011 0.316695988 0 0 0.271434009 0.63182497 0.243541002 0.269230992 0 0 0 0 0 0 0 0 0.610243022 0 0 0 0 0 0 0.980727971 0 0 0 0 0 0.406053007 0 0 0 0.299602002 0 0 0 0 0.628418982 0 0 0 0 0 0 0 0 0 0 0 0 0 0 0 0 0 0 0 0 0 0 0 0 0
 0.696879029 0 0.783295989 0.186954007 0 0 0 0 0 0.221036002 0 0 0 0 0 0 0 0 0.582750976 0 0 0 0.346294999 0 0 0.826104999 0 0 0 0 0 0 0 0 0 0.191724002 0 0 0 0 0.644457996 0.180963993 0 0 0 0 0 0.244069993 0 0 0 0 0 0 0 0 0 0 0 0 0 0 0 0 0 0
 0.731889009 0 0.991288006 0.184163004 0 0 0 0.284503996 0 0 0 0 0 0 0 0 0 0 0.378123999 0 0 0 0.306492001 0 0 0.978074014 0.462404996 0 0 0 0 0.556243002 0 0 0 0 0 0 0 0 0.999638021 0 0 0 0 0 0 0 0 0 0 0 0 0 0 0 0 0.29104799 0 0 0 0 0 0.265190989 0 0
 0.816540003 0 0.760393023 0.440010011 0 0 0 0 0 0 0 0 0 0 0 0 0 0 0.396335989 0 0 0 0 0 0 1 0 0 0 0 0 0.281019986 0 0 0 0 0 0 0.264595985 0 0.733901978 0 0 0 0 0 0.550077021 0 0 0 0 0 0 0 0 0 0 0.189475998 0 0 0 0 0 0 0 0.296433985
 0.184768006 0.204386994 0.386635005 0 0 0 0.249596 0.187659994 0 0.199068993 0 0 0 0 0 0 0 0 0 0 0 0 0 0.518141985 0 0.761718988 0 0 0 0 0 0 0 0 0 0.193077996 0 0 0 0 0.875962019 0.189098001 0 0 0 0 0.999994993 0.226581007 0 0 0 0 0 0.373367995 0.51384902 0 0 0 0 0 0 0 0 0.612372994 0.689688981 0.203930005
 0 0 0.214222997 0 0 0 0.28115499 0.292064995 0 0 0 0 0 0 0 0 0 0 0 0 0 0 0 0.290008992 0 0.933432996 0 0 0 0 0 0.402595997 0 0.194158003 0 0 0 0 0 0 0.388267994 0 0 0 0 0 0.988276005 0.260212988 0 0 0 0 0 0.392378002 0.196713001 0 0 0 0 0 0 0 0 0.709374011 0.257310987 0.311572999
 0 0.338815987 0 0 0 0 0.639127016 0 0 0 0 0 0 0 0 0 0 0 0 0.293188006 0 0 0 0.518701017 0 0.61955899 0 0 0 0 0 0.258720994 0 0.214530006 0 0 0 0 0 0 0.945429027 0.383208007 0 0.350713998 0.250739992 0 0.986334026 0.195421994 0 0 0 0 0 0.286758989 0.331562012 0 0 0 0 0 0 0 0 0.861938 0.358788997 0.192165002
 0 0.212699994 0.363398999 0 0 0 0.227014005 0.218735993 0.213345006 0 0 0 0 0 0.25068 0 0 0.607445002 0 0 0 0 0 0.239370003 0.291099012 0.88230598 0.203116 0 0 0 0 0 0 0 0 0 0 0 0 0 0.952485979 0.234705999 0 0 0.257840008 0 0.990974009 0.238461003 0 0 0 0 0 0.550737977 0.273256004 0 0 0 0 0.226834998 0.547899008 0.233858004 0 0.976683021 0.236070007 0.247387007
 0 0 0.239605993 0 0 0 0.331218004 0 0 0 0 0 0 0 0 0 0 0.193889007 0 0 0 0 0 0.250007987 0 0.979927003 0 0.210949004 0 0 0 0 0 0 0.192162007 0.227871999 0 0 0 0 0.910860002 0 0 0 0.236874998 0 0.992685974 0 0 0 0 0 0 0.370238006 0.398389012 0 0 0 0 0 0 0 0 0.854867995 0.432621002 0.563579977
 0.336409986 0 0.577437997 0 0 0 0.182133004 0 0 0 0 0 0 0 0 0 0 0 0 0 0 0 0 0.52256602 0 0.983157992 0 0 0 0 0 0.392951995 0 0 0 0 0 0 0 0.312079012 0.985933006 0.218232006 0 0.206042007 0.203945994 0 0.992007971 0 0 0 0 0 0 0.631583989 0.212348998 0 0 0.181696996 0 0 0 0 0 0.999980986 1 0.728810012
 0.542183995 0 0.227871999 0 0 0 0 0.188224003 0 0 0 0 0 0 0.191542 0 0 0.399569988 0 0 0 0 0 0.593998015 0 0.953652024 0 0 0 0 0 0 0 0.216818005 0 0.279273003 0 0 0 0 0.999759972 0.207504004 0 0.187792003 0 0 0.98765099 0.186621994 0 0 0 0 0 0 0.380306989 0 0 0 0.218060002 0.186636999 0 0 0 0.844901025 0.706430018 0.196850002
 0.264322013 0 0.382322997 0 0 0 0.530003011 0 0 0 0 0 0.188593 0 0.287930012 0 0 0 0 0 0 0 0.207185 0.332008988 0 0.748982012 0 0 0 0 0 0.261301011 0.282860011 0 0 0 0 0 0 0 0.944913983 0 0 0 0 0 0.988963008 0 0 0 0 0 0 0.588047981 0.240980998 0 0 0 0 0 0 0 0 0.793992996 0.936695993 0.626441002
 0.343539 0 0.367922008 0 0 0 0.525247991 0 0 0 0 0 0 0 0 0 0 0 0 0 0 0 0 0.446076989 0 0.880617023 0 0.197322994 0 0 0 0 0 0 0 0.265736014 0 0 0 0 0.513755977 0 0 0.469877005 0 0 1 0 0 0 0 0 0 0.290719986 0.197730005 0 0 0 0 0 0 0 0 0.716798007 0.692281008 0.462803006
 0 0 0.34987101 0 0 0 0.599219978 0 0 0 0 0 0 0 0 0 0 0 0 0 0 0 0 0.500666976 0 0.986558974 0 0 0 0 0 0.190941006 0 0 0 0 0 0 0 0 0.997326016 0.181500003 0.192552 0.231334001 0 0 0.920022011 0 0 0 0 0 0 0.640035987 0 0 0 0 0 0 0 0 0 0.62836802 0.999858022 0.776311994
 0 0.241880998 0.447041005 0 0 0 0 0 0 0 0 0 0 0 0 0 0 0 0 0 0 0 0 0.366858006 0 0.99602598 0 0 0 0 0 0.342563987 0 0 0 0 0 0 0 0 0.902580976 0 0 0 0 0 0.984849989 0 0 0 0 0 0 0.247104004 0.190858006 0 0 0.180160001 0 0 0.193299994 0 0 0.999110997 0.742119014 0.615110993
 0.450084001 0.267580003 0.558593988 0 0.238612995 0 0.637745023 0.230234995 0 0 0 0 0 0 0 0 0 0 0 0 0 0 0.27906701 0.70638603 0 0.927106977 0 0 0 0 0 0.267307013 0 0.298399001 0 0 0 0 0.25908199 0.282355994 0.984164 0.273108989 0 0.240184993 0 0 0.558865011 0 0 0 0 0 0 0.431091011 0.50375098 0 0 0 0 0 0.566935003 0 0 0.730166018 0.30893001 0.526887
 0.299811989 0.253259987 0.372011989 0 0 0 0.785987973 0 0 0 0 0 0 0 0 0 0 0 0 0 0 0 0 0.474920988 0 0.968223989 0 0 0 0 0 0 0 0 0 0 0 0 0 0 0.932892978 0 0 0 0 0 0.987580001 0.40555799 0 0 0 0 0 0.61342603 0.219300002 0 0 0 0 0 0.230974004 0 0 0.695854008 0.236221999 0.488676012
 0.244581997 0.215001002 0.306625992 0 0 0 0.326211005 0 0 0 0 0 0 0 0 0 0 0 0 0 0 0 0 0.540929019 0 0.908716977 0 0.193711996 0 0 0 0.191275999 0.302264005 0 0.226482004 0 0 0 0 0 0.993430018 0 0 0 0.323929995 0 0.987366021 0 0 0 0 0 0 0.258599013 0.368487 0 0 0.210675001 0 0.251587987 0.253167987 0 0 0.858372986 0.999980986 0.279024005
 0.332022011 0 0.193347007 0 0 0 0.706070006 0.334073991 0 0 0 0 0 0 0 0 0 0 0 0 0 0 0 0.225119993 0 0.947968006 0 0.205577001 0 0 0 0.196844995 0 0 0.209364995 0 0 0 0 0 0.985567987 0.327701986 0 0 0.186472997 0 0.807982028 0.199284002 0 0 0 0 0.251859993 0.634724975 0.346367002 0 0 0 0 0 0.665956974 0 0 0.984449029 0.583370984 0.349270999
 0.212360993 0 0.619165003 0 0 0 0.196637005 0.243967995 0 0 0 0 0 0 0 0 0 0 0 0.318111002 0 0 0 0.634446025 0 0.962933004 0 0 0 0 0 0.315881997 0 0 0 0.235321 0 0 0.412470013 0 0.99929601 0.194325 0 0 0 0 0.993210018 0 0 0 0 0 0 0 0 0 0 0 0 0 0.247206002 0 0 0.856469989 0.489829987 0.572416008
 0 0.232163996 0.270420998 0 0 0 0.689010978 0.334726989 0 0 0 0 0 0 0 0.190100998 0 0 0 0 0 0 0 0.641973019 0 0.999311984 0 0 0 0 0 0 0 0 0 0 0 0 0 0 0.99991399 0 0 0 0 0 0.999980986 0.417479008 0 0 0 0 0 0.180120006 0 0 0 0.203753993 0 0 0 0.189007998 0 0.949537992 0.950655997 0.33217299
 0.486104995 0 0 0 0 0 0.403250992 0 0 0 0 0 0 0.563968003 0 0 0 0 0 0 0 0 0 0.320942014 0 0.872503996 0 0 0 0 0 0.224400997 0 0 0 0 0 0 0 0 0.962224007 0 0 0.228495002 0.418940008 0 0.985285997 0 0 0 0 0 0 0.689902008 0.295679003 0 0 0 0 0 0.188424006 0 0 0.99970597 0.201609999 0
 0.328155994 0 0.383011997 0 0 0 0.293891013 0 0 0 0 0 0 0 0 0 0 0 0 0 0 0 0 0.309060007 0 0.782019973 0 0 0 0 0 0.210802004 0 0 0.45867601 0 0 0 0 0 0.934908986 0.305958003 0 0 0 0 0.99259901 0 0 0 0 0 0 0 0 0 0 0 0 0 0 0 0 0.874921978 0.367166013 0.277262002
 0 0 0.385022998 0 0 0 0.593433022 0 0 0 0 0 0 0 0 0 0 0 0 0 0.536571026 0 0 0.256819993 0 0.925908983 0 0 0 0 0 0 0 0.28194201 0 0.271227986 0 0 0.20183 0 0.794982016 0 0 0 0 0 0.988252997 0.221833006 0 0 0 0 0 0.306097001 0 0 0 0 0 0.207219005 0 0 0 0.694844007 0 0
 0.354263991 0 0.236288995 0 0 0 0.224331006 0 0 0 0 0 0 0 0 0 0 0 0 0 0 0 0 0 0 0.915350974 0 0 0 0 0 0.182707995 0 0 0 0 0 0 0 0 0.722541988 0.269502997 0 0 0.245290995 0 0.990736008 0.276005 0 0 0 0 0 0.190913007 0 0 0 0.284334004 0 0 0.207570001 0 0 0.588770986 0.556280017 0.671048999
 0.465126991 0.281289995 0.598529994 0 0 0 0.341526002 0.248520002 0 0 0 0 0 0 0 0 0 0 0 0 0 0 0 0.563172996 0 0.483114004 0 0 0 0 0 0.503251016 0 0 0 0 0 0 0 0 0.876299977 0 0 0 0.200701997 0 0.986086011 0.251084 0 0 0 0 0 0.621016026 0 0 0 0 0 0 0 0 0 0.855666995 0.442874014 0.301871985
 0.180522993 0.335637003 0.226157993 0 0 0 0.551729977 0.190355003 0 0 0.381666988 0 0 0 0 0 0 0 0 0 0 0 0 0.716252029 0 0.595284998 0 0.212511003 0 0 0 0.540848017 0 0.219318002 0 0 0 0 0.217037007 0 0.917015016 0.273189008 0 0.40613699 0 0 0.999989986 0.246675 0 0 0 0 0 0.324065 0.379528999 0 0 0 0 0 0.182301998 0 0 0.344247013 0.519203007 0.30359
 0 0.222877994 0.407772005 0 0 0 0 0 0 0 0 0 0 0 0 0 0 0 0 0 0 0 0 0.632505 0.192950994 0.968950987 0 0 0 0 0 0 0 0 0 0.516380012 0 0 0 0.182554007 0.988080025 0 0 0 0 0 0.996020973 0 0 0 0 0 0 0.498773009 0 0 0 0 0 0 0 0 0 0.958661973 0.614161015 0.372202992
 0 0 0.241657004 0 0 0 0 0.210189 0 0 0 0 0 0 0 0 0 0 0 0 0 0 0 0.230682001 0 0.847115994 0 0 0 0 0 0.492327005 0 0 0 0 0 0 0 0 0.514092982 0 0 0 0 0 1 0 0 0 0 0 0 0.254350007 0.226313993 0 0 0 0 0 0 0 0 0.712360024 0.325587004 0.448401004
 0 0 0 0 0 0 0.595709026 0 0 0 0 0 0 0 0 0 0 0 0 0 0 0 0 0.317433 0 0.849538028 0 0 0 0 0 0 0 0 0.206259996 0.240948007 0 0 0 0 0.970221996 0 0 0 0.341693997 0 0.957584023 0 0 0 0 0 0 0.622986972 0.322663993 0 0 0 0.436738014 0 0 0 0 0.931505024 0.518593013 0.253868014
 0.535198987 0 0.567137003 0 0 0 0 0 0 0 0 0 0 0 0 0 0 0 0 0 0 0 0.29777801 0.740504026 0 0.968464971 0 0 0 0 0 0.335067987 0 0.276282996 0 0.263269007 0 0 0 0 0.999998987 0.251542002 0 0 0 0 1 0.215662003 0 0 0 0 0 0.318906009 0.31061399 0 0 0 0 0.266413003 0 0 0 0.727245986 0.403676987 0.586676002
 0.256044 0.355630994 0.273950011 0 0 0 0.411024988 0 0 0 0.181502998 0 0 0 0 0 0 0 0 0 0 0 0.229837999 0.996137023 0.292930007 0.973046005 0 0 0 0 0 0.366982996 0 0.33881101 0.283300996 0.213979006 0 0 0 0 0.99999702 0 0 0 0.244105995 0 1 0.395458996 0 0 0 0 0 0.281102002 0.484429985 0 0 0 0 0 0.247115999 0 0 0.893208027 0.983262002 0.610704005
 0.699057996 0 0.493827999 0 0 0 0.631434977 0 0 0 0 0 0 0 0 0.272123992 0 0 0 0 0 0 0 0.479097992 0 0.684170008 0 0 0 0 0 0 0 0 0 0 0 0 0 0 0.640829027 0.212099001 0 0 0 0 0.941102982 0.558797002 0 0 0 0 0 0.297684014 0.206094995 0 0 0 0 0 0 0 0 0.90556097 0.350621015 0.210098997
 0 0 0.324997008 0 0 0 0.359210014 0 0 0 0 0 0 0 0 0 0 0 0 0 0 0 0 0.333698988 0.196061 0.664705992 0 0.191842005 0 0 0 0.186720997 0 0.186579004 0 0.422764987 0 0 0.186008006 0 0.999956012 0 0 0 0.257351995 0 0.988102019 0 0 0 0 0 0 0.261518002 0.184444994 0 0 0 0 0 0 0 0 0.800405025 0.377597988 0.584747016
 0 0.441091001 0 0 0 0 0.556199014 0 0 0 0 0 0 0 0 0 0.306407988 0 0 0 0 0 0 0.236263007 0.289653003 0.436407 0 0 0 0 0 0 0 0 0 0 0 0 0 0 0.982474029 0.204071 0 0 0 0 0.873278975 0.210640997 0 0 0 0 0 0.403028995 0.549474001 0 0 0 0 0.732634008 0 0 0 0.79539299 0 0
 0 0.496493012 0 0 0 0 0.653877974 0.47991401 0 0.350961 0 0.210366994 0 0 0 0 0.289593011 0 0 0 0 0 0 0.555723011 0.441399992 0.812965989 0 0 0 0 0 0 0 0 0 0 0 0 0 0.181824997 0.984188974 0 0 0 0 0 0.988362014 0.806807995 0 0 0 0.302038014 0 0.560077012 0 0 0 0.185934007 0 0.894181013 0.398227006 0 0 0.747519016 0 0.283401996
 0 0.38113901 0.25168401 0 0 0 0.909241021 0 0 0 0 0.195390999 0 0 0 0 0.312532991 0 0 0 0 0 0 0.611576021 0.348643005 0.644852996 0 0 0 0 0 0 0 0 0 0 0 0 0 0 0.986032009 0 0.188850001 0.273418009 0 0 0.986935019 0.279235005 0 0 0 0 0 0.218201995 0.478765994 0 0 0.185773998 0 0.978510976 0.417609006 0 0 0.762849987 0.232048005 0.183323994
 0 0.241362005 0 0 0 0 0.871026993 0 0 0 0 0 0 0 0 0 0.297899991 0 0 0 0 0 0 0.774051011 0 0.990625024 0 0 0 0 0 0 0.186662003 0 0.189568996 0 0 0 0 0.183282003 0.999988973 0 0 0 0 0.781818986 0.991819978 0.488173991 0 0 0 0 0 0.735377014 0 0 0 0 0 0.993584991 0 0 0 0.987589002 0.588153005 0
 0 0.775972009 0 0 0 0 0.855316997 0 0 0 0 0 0 0 0 0 0.260313004 0 0 0 0 0 0 0.730858028 0.295332998 0.520370007 0 0 0 0 0 0.237830997 0 0 0 0 0 0 0 0.285544991 1 0 0 0.233094007 0 0 1 0.520844996 0 0 0 0 0 0.192151994 0.286242008 0 0 0.413572997 0 0.998444974 0.189257994 0 0 0.999803007 0.906116009 0.999975026
 0 0.228453994 0 0 0 0 0.606049001 0.198983997 0 0 0 0 0 0 0 0 0.356541008 0 0 0 0 0 0 0 0 0.435570002 0.194334999 0 0 0 0 0 0 0 0 0 0 0 0 0 0.99999702 0.238634005 0 0 0 0 0.987564027 0.712005019 0 0 0 0 0 0.957919002 0 0 0 0 0 1 0 0 0 0.837662995 0 0.235363007
 0 0.996218026 0 0 0 0 0.748950005 0 0 0 0 0 0 0 0 0 0.282079995 0 0 0 0 0 0 0.635170996 0.280894995 0.366966009 0 0.181164995 0 0 0 0 0 0 0 0 0 0 0 0 0.615167975 0 0 0 0 0 0.996712983 0.531731009 0 0 0 0 0 0.297228009 0 0 0 0.196801007 0 0.731966019 0.19878 0 0 0.861813009 0.433198005 0
 0 0.221441999 0 0 0 0 0.864220977 0.196861997 0 0 0 0 0 0 0.259732008 0 0.204585999 0 0 0 0 0 0 0.562236011 0.572467983 0.843003988 0 0 0 0 0 0 0 0 0 0 0 0 0 0.332899988 0.99980098 0.242154002 0 0.213549003 0.203870997 0 0.985669971 0.658092976 0 0 0 0 0 0.325700015 0.376314998 0 0 0.41049999 0 0.791083992 0 0 0 0.503253996 0 0.325937986
 0 0.508051991 0 0 0 0 0.892731011 0 0.530901015 0 0 0 0 0 0 0 0.275348991 0 0 0 0 0 0 0.636671007 0.495931 0.783800006 0 0 0 0 0 0 0 0 0 0 0 0 0.337428004 0 0.895213008 0.272635013 0 0 0 0 0.705528975 0 0 0 0 0 0 0 0.519080997 0 0 0 0 0.910633981 0 0 0 0.765909016 0 0.328711987
 0 0.742740989 0 0.293442994 0 0 0.917424977 0.279554993 0 0.273521006 0 0 0 0 0 0 0.225557998 0 0 0 0 0 0 0.643427014 0.25762099 0.890960991 0 0 0 0 0 0.296986014 0 0 0 0 0 0 0.221719995 0 0.92138797 0 0 0 0 0 0.975839972 0.467202991 0 0 0 0 0 0.408367991 0 0 0 0 0 0.902680993 0 0 0 0.598442018 0.271003008 0
 0.272345006 0.925812006 0.282938987 0 0 0 0.699497998 0.474429995 0 0 0 0 0 0 0 0 0.203352004 0 0 0 0 0 0 0.556639016 0.492850989 0.904453993 0 0 0 0 0 0.22247 0 0 0 0 0 0 0 0 0.984654009 0 0 0 0 0 0.988232017 0.858426988 0 0 0 0 0 0.79877001 0.358711988 0 0 0.367960989 0 0.707439005 0 0 0 0.942166984 0 0.912756979
 0.322966009 0.245295003 0 0 0 0 0.757928014 0 0 0.524043024 0 0 0 0 0 0 0.361180991 0 0 0.271845013 0 0 0 0.193775997 0 0.664173007 0 0 0 0 0 0 0 0.366403997 0 0.193290994 0 0 0.277785003 0.252263993 0.987613022 0 0 0 0 0 0.496259987 0.346758991 0 0 0 0 0 0.307096004 0 0 0 0.193347007 0 0.91901201 0 0 0 0.760297 0.450482011 0.705031991
 0 0.353646994 0 0 0 0 0.969853997 0 0 0.647421002 0 0 0 0 0 0 0.239583001 0 0 0 0 0 0 0.710197985 0 0.26394099 0 0 0 0 0 0.192275003 0 0 0 0 0 0 0 0 0.992363989 0 0 0 0 0 0.787669003 0.69325 0 0 0 0 0 0 0.196728006 0 0 0 0 0.997832 0.636213005 0 0 0.398481995 0.530710995 0.643764973
 0 0.344606012 0 0 0 0 0.990957975 0 0 0 0 0 0 0 0 0 0.211625993 0 0 0 0 0 0 0 0.41207701 0.48218599 0 0 0 0 0 0.219374001 0 0 0 0 0 0 0 0 0.946053028 0.902152002 0.217972994 0.234447002 0 0 0.880118012 0.801729977 0 0 0 0 0 0.346569002 0.330505997 0 0 0 0 0.672610998 0 0 0 0.786110997 0.352860987 0.944144011
 0 0.204200998 0 0 0 0 0.980629981 0 0 0 0 0 0 0 0 0 0.419813007 0 0 0 0 0 0 0.214264005 0.223290995 0.564315975 0 0 0 0 0 0.206132993 0.222176 0 0 0 0 0 0 0.324010015 0.976202011 0.616225004 0 0.243632004 0.245034993 0 0.786423981 0.586031973 0 0 0 0 0 0.647130013 0.458178997 0 0 0 0 0.973097026 0.335592002 0.541917026 0.219790995 0.933080018 0.447728992 0.473632991
 0 0.99535203 0 0.198486 0 0 0.741344988 0 0 0 0 0 0 0 0 0 0.311031014 0 0 0 0 0 0 0.224581003 0.633583009 0.704654992 0 0 0 0 0 0 0 0 0 0 0 0 0 0 0.992784977 0 0 0 0 0 0.604645014 0.958684027 0 0 0 0 0 0.530097008 0.212366 0 0 0 0 0.928655028 0 0 0.184736997 0.431255996 0.348517001 0.933311999
 0 0.885200024 0 0 0 0 0.191970006 0 0 0 0 0 0 0 0 0 0.196959004 0 0 0 0 0 0 0.820532978 0 0.92385 0 0 0 0 0 0.273086995 0 0.194418997 0 0 0 0 0 0 0.992938995 0 0 0 0 0 0.995081007 0.521408975 0 0 0 0 0 0.789348006 0 0 0 0 0 0.906863987 0.210174993 0 0 0.902652025 0 0.755034983
 0 0.99840802 0 0 0 0 0.684926987 0 0 0 0 0 0 0 0 0 0.29787001 0 0 0 0 0 0 0.82950598 0.423880011 0.984906018 0.182892993 0.230198994 0 0 0 0 0.186785996 0 0 0 0 0 0 0 0.983363986 0.407745004 0 0 0.306106001 0 1 0.858653009 0 0 0 0 0.279379994 0.866379976 0.230821997 0 0 0 0 0.984992027 0 0 0 0.953438997 0.523617029 0.794372022
 0.260342985 0.624113023 0.353312999 0.197362006 0 0 0.999948978 0 0.246827006 0 0 0 0.242575005 0 0 0 0.200032994 0 0 0 0 0 0 0.261617005 0.407752991 0.614512026 0.196386993 0 0 0 0 0 0 0 0 0 0 0 0 0 0.991716027 0.55211401 0 0.457125992 0.182950005 0 0.694360971 0.529137015 0 0 0 0 0 0.610146999 0.569868028 0 0 0 0 0.99951297 0.323112011 0 0 0.392141998 0 0.966691017
 0.192229003 0.254354 0 0 0 0 0.532766998 0 0.226087004 0 0 0 0 0 0.198461995 0 0.231827006 0 0 0 0 0 0 0.312442005 0 0.87964797 0 0 0 0 0 0.370728999 0 0 0 0 0 0 0.187766001 0 0.999477029 0.348266006 0 0 0 0 0.977644026 0.606730998 0 0 0 0 0 0.660103023 0.33543399 0 0 0 0 0.999570012 0 0 0.185397997 0.34077999 0 0.322073996
 0.343677998 0.199596003 0.182472005 0 0 0 0.290329993 0 0 0 0 0 0 0 0 0 0.242874995 0 0 0 0 0 0 0.819266975 0 0.477614999 0 0 0 0 0 0.228763998 0 0 0 0 0 0 0 0.377813011 0.999989986 0 0 0 0.194432005 0 1 0.699196994 0 0 0 0 0 0.513484001 0 0 0 0.423110008 0 0.943925977 0.260655999 0 0 0.938328981 0 0.303434014
 0 0.572278976 0 0.391180009 0 0.526827991 0.298155993 0 0 0 0 0 0 0 0 0 0.42898199 0 0 0 0 0.202845007 0 0.393406004 0 0.966491997 0 0 0 0 0 0 0 0 0 0 0 0 0 0.198188007 0.799050987 0.312067002 0 0 0 0 0.821148992 0.879390001 0 0 0 0 0 0.209156007 0 0 0 0 0 0.900286019 0 0 0 0.339177012 0.82309401 0.451763988
 0 0.758395016 0.216289997 0 0 0 0.986239016 0 0.68977797 0 0 0 0 0 0 0 0.211677 0 0 0 0 0 0 0.292984992 0 0.576337993 0 0 0 0 0 0 0 0 0.203529 0 0 0 0 0.288302004 0.985121012 0 0 0 0.181549996 0 0.909003973 0.887898982 0 0 0 0 0 0.791258991 0.537976027 0 0 0.523652971 0 0.79756403 0.27721101 0 0 1 0.370038003 0.999724984
 0 0.442496985 0 0 0 0 0.886114001 0.200653002 0.259826005 0 0 0 0 0 0 0 0.201554999 0 0 0 0 0 0 0.872749984 0 0.934105992 0 0 0 0 0 0 0 0 0 0 0 0 0 0.270637989 0.776989996 0.630316973 0 0 0 0 0.985228002 0.959589005 0 0 0 0 0 0.47665599 0 0 0 0 0 0.735409975 0 0 0 0.860514998 0 0.938414991
 0 0.97113198 0 0 0 0 0.994917989 0 0 0 0 0 0 0 0 0 0.239975005 0 0 0 0 0 0 0 0.248073995 0.301946998 0 0 0 0 0 0 0 0 0.213686004 0 0 0 0 0 0.986195028 0 0 0 0 0 0.310488999 0.808233976 0 0 0 0 0 0.336181998 0.531041026 0 0 0 0 0.895323992 0 0 0 0.999713004 0 0.729727983
 0 0.856875002 0 0 0 0 0.181311995 0 0.702498972 0 0 0 0 0 0 0 0.239573002 0 0 0 0 0 0 0.985328019 0 0.295038015 0 0 0 0 0 0.208265007 0 0 0.185891002 0 0 0 0 0.204549998 0.900740981 0.338562012 0 0 0 0 0.715969026 0.478208005 0 0 0 0 0 0.282427996 0 0 0 0.243588001 0 0.782011986 0.185161993 0 0 0.376338005 0 0.185799003
 0 0.829542994 0 0 0 0 0.75732398 0.264544994 0 0 0 0 0 0 0 0 0.215544999 0 0 0 0 0 0 0.356768012 0.505365014 0.623154998 0 0 0 0 0 0 0 0.516867995 0 0 0 0 0 0 0.999423981 0.502925992 0 0.368059009 0 0 0.967664003 0.912684023 0 0 0 0 0 0.363539994 0.349454999 0 0 0 0 0.717203975 0 0 0 0.932321012 0.372523993 0.990554988
 0 0.855340004 0 0 0 0 0.697242022 0 0 0 0 0 0 0 0 0 0.256633013 0 0 0 0 0 0 0.197547004 0 0.525870025 0 0 0 0 0 0 0 0 0 0 0 0 0 0.192919001 0.933908999 0 0 0.582518995 0 0 0.986899972 0.432633996 0 0 0 0 0 0 0 0 0 0 0 0.907095015 0 0 0 0.50166899 0 0.303510994
 0 0.837324977 0 0 0 0 0.999994993 0.469164997 0 0 0 0 0 0 0 0 0.270778 0 0 0 0 0 0 0.268586993 0.582876027 0.694486022 0.384342998 0 0 0 0 0 0 0 0 0 0 0 0 0 0.99663502 0.258154005 0 0 0 0 0.768536985 0.913276017 0 0 0 0 0 0 0.227773994 0 0 0 0 0.551640987 0 0 0 0.441561013 0 0.982216001
 0.433449 0.198396996 0 0 0 0 0.52155 0 0 0 0 0 0 0 0 0 0.223225996 0 0 0 0 0 0 0.358224005 0.407305002 0.234569997 0 0 0 0 0 0 0 0 0 0 0 0 0.220465004 0 0.985342979 0.436691999 0 0 0 0 0.929859996 0.475185007 0 0 0 0 0 0.363709986 0 0 0 0.300312996 0 0.944251001 0 0 0 0.586229026 0.712203979 0
 0.185001999 0.195194006 0.401995003 0.245241001 0 0 0.232270002 0.621945977 0 0 0 0 0.565612018 0 0 0 0 0 0 0 0 0 0 0.371111006 0 0.494107008 0 0 0 0 0 0.68036902 0.183722004 0 0 0.801191986 0 0.519698977 0.630882025 0 0.367188007 0 0 0 0 0 0.480693012 0 0 0 0 0 0 0.214655995 0.491183996 0 0 0 0 0 0 0 0 0.605289996 0.390974998 0
 0.652420998 0 0 0 0 0 0 0 0 0 0 0 0.619570017 0 0 0 0 0.430352986 0 0 0 0 0 0.558089018 0 0.886853993 0.375324994 0.323702008 0 0 0 0.321556985 0.506359994 0.258179992 0 0.326712012 0 0.420195997 0.923027992 0 0.994068027 0.552991986 0 0.296651989 0.411756009 0 0.309601009 0 0 0 0 0 0 0.604303002 0 0 0 0 0 0.199404001 0.253334999 0 0 0.312655002 0.978307009 0
 0.706529975 0 0.646623015 0.378679991 0 0 0.285239995 0.869419992 0 0 0 0 0.381215006 0 0 0 0 0 0 0.909394979 0 0 0 0.919883013 0 0.988123 0.313392997 0.447916001 0 0 0 0.92078501 0.652409971 0 0.327118993 0.474521995 0 0.634469986 0.752834976 0 0.976922989 0.67614001 0 0 0 0 0 0.275287986 0 0 0 0 0 0.599542975 0 0 0 0 0 0 0.351915985 0.351687014 0 0 1 0
 0.569711983 0 0.428963006 0 0 0 0.54261899 0.64507997 0 0 0 0 0.827650011 0 0 0 0 0 0 0 0 0 0 0 0 0.992408991 0 0.223070994 0 0 0.205813006 0.826655984 0.329400003 0.345730007 0.265830994 0.480248004 0 0.507677972 0.455258995 0 0.987968981 0 0 0 0.269816011 0 0 0 0 0 0 0 0 0.555508018 0.505577981 0 0 0.236417994 0 0 0.651546001 0 0 0 0.999561012 0
 0.53155297 0 0.416489989 0.482511014 0 0 0 0.350867987 0 0 0 0 0.404347003 0 0 0 0 0 0 0 0 0 0 0 0 0.918740988 0 0.432734013 0 0 0 0.93798703 0.369762987 0 0.537761986 0.419562995 0 0.576803029 0.684063017 0 0.56101203 0.462996006 0 0.531204998 0.862204015 0 0 0 0 0 0 0 0 0 0 0 0 0 0 0 0.99822402 0 0 0.392484009 0.380829006 0
 0.843261003 0 0.605910003 0 0 0 0.227346003 0.355313003 0 0 0 0.350638986 0.973049998 0 0 0 0 0 0 0 0 0 0 0 0 0.934288025 0 0 0 0 0 0.999437988 0.73982501 0.300689012 0.876241028 0.342844009 0 0.562334001 0.554081023 0 0.974352002 0 0 0.192974001 0 0 0 0 0 0 0 0 0 0.226717994 0 0 0 0 0 0 0.238839999 0 0 0.350248992 0.373445004 0
 0.422228009 0 0.200442001 0 0 0 0 0.40151599 0 0 0 0 0.992560983 0 0.503853023 0 0 0 0 0 0 0 0 0.207040995 0 0.961097002 0 0.228660002 0 0 0 0.454728991 0.183052003 0.238848001 0.659319997 0.341167986 0 0.596220016 0.293953001 0.206809998 0.984772027 0.181958005 0 0.285668999 0 0 0 0 0 0 0 0 0 0.904076993 0.960349023 0 0 0 0 0 0 0 0 0 0.342083007 0
 0.997184992 0 0 0 0 0 0 0.913821995 0 0.999266982 0 0 0.767194986 0 0 0 0 0 0 0 0 0 0 0 0.199810997 0.999743998 0 0 0 0 0 0.964917004 0.958483994 0 0 0.381801993 0 0.485246986 0.409983009 0 0.83898598 0.450489014 0 0 0.600377023 0 0 0 0 0 0 0 0 0.373946995 0 0 0 0 0 0 0.719935 0 0 0.547715008 0.993300021 0
 0.548968017 0 0.579527974 0.286619008 0 0 0 0.84791398 0 0.252927989 0 0 0.606782019 0 0 0 0 0 0 0 0 0 0 0.905770004 0.369836986 0.988077998 0.289950013 0.530569971 0 0 0 0.385740995 0.344262987 0 0.383471012 0 0 0.584619999 0.553228974 0 0.929114997 0 0 0 0.976050019 0.465736002 0 0 0 0 0 0 0 0 0 0 0 0 0 0 0.999998987 0 0 0.316841006 0.999939024 0
 0.272992998 0 0.45955199 0 0 0 0.274769008 0.420156986 0 0 0 0 0.758219004 0 0.60818398 0 0 0.227956995 0 0.202473 0 0 0.252074003 1 0 0.780506015 0 0.186157003 0 0 0 0.198836997 0 0 0 0.406473011 0 0.507547975 0.631361008 0 0.983999014 0.305213988 0 0 0.226943001 0 0 0 0 0 0 0 0 0 0 0 0 0 0 0 0 0 0 0 0.79568398 0
 0.721641004 0 0.959236026 0.724337995 0 0 0 0 0 0 0 0 0.985482991 0 0.252240002 0 0 0 0 0 0 0 0 0 0 0.742497981 0 0.37845701 0 0 0 0.651100993 0 0 0 0.340422988 0 0.61422497 0.843604982 0 0.94777 0.917500973 0 0.875376999 0 0 0 0 0 0 0 0 0 0.252007991 0 0 0 0 0 0 0 0 0 0 0.256031007 0
 0.701366007 0 0 0 0 0 0.316579998 0.851767004 0 0.538664997 0 0 0.60215199 0 0.267522991 0 0 0 0 0 0 0 0 0.981458008 0 0.997673988 0 0 0 0 0 0.665015996 0.691953003 0 0 0 0 0.534291029 0.572658002 0 0.992326975 0.969093978 0 0.710768998 0 0 0.538959026 0 0 0 0 0 0.676874995 0.691295028 0.490958989 0 0 0 0 0 0 0.377299011 0 0 0.992720008 0.272258997
 0.314556003 0 0.602707028 0 0 0 0 0.728726983 0 0 0 0.230719 0.316359997 0 0 0 0 0 0 0 0 0 0 0 0.270062 0.841593981 0.186634004 0 0 0 0 0.848555028 0.287598997 0 0.746831 0.981460989 0 0.632537007 0.450819999 0 0.535134971 0.269869 0 0.193050995 0.298404992 0.273378998 0 0 0 0 0 0 0 0.442166001 0 0 0 0 0 0 0.698466003 0 0.328516006 0 0.320183992 0
 0.331548989 0 0.213141993 0 0 0 0 0.664602995 0 0 0 0 0.92869401 0 0 0 0 0 0 0 0 0 0 0.493263006 0 0.938226998 0 0 0 0 0 0.258731008 0.498282999 0 0.671097994 0 0 0.547146976 0.299510986 0 0.497507006 0.774079025 0 0.849021971 0 0 0 0 0 0 0 0 0 0 0 0 0 0 0 0 0 0 0 0 0.977900028 0
 0.812988997 0 0.999943972 0 0 0 0 0 0 0 0 0 0.849457979 0 0 0 0 0 0 0 0 0 0 0.313589007 0 0.590384007 0.583338976 0.673750997 0 0 0 0.619866014 0 0 0.458371997 0.939737976 0 0.617926002 0.715740979 0 0.999988973 0.508247972 0 0 0.500819027 0 0.551266015 0 0 0 0 0 0 0.514847994 0.327596009 0 0 0.471599996 0 0 0.745638013 0 0 0 0 0
 0 0 0.234343007 0 0 0 0.561558008 0.316192001 0.189566001 0 0 0 0.480066001 0 0 0 0 0 0 0 0 0 0 0.732357025 0 0.964951992 0 0.530066013 0 0 0 0.453893006 0.510626018 0.286778986 0.250376999 0.518324971 0 0.418292999 0.397401989 0 0.859324992 0.282884002 0 0.748781979 0 0 0.988741994 0.188703001 0 0 0 0 0 0 0.806899011 0 0 0 0 0 0 0.218064994 0 0.514873981 0.855548024 0.226092994
 0.745104015 0 0.873753011 0.575756013 0 0 0.270538986 0.757516026 0 0 0 0 0.622371018 0 0.609239995 0 0 0 0 0 0 0 0 0.849927008 0 0.998525977 0 0.572736025 0 0 0 0.254072011 0 0.300218999 0 0 0 0.527902007 0.278726995 0 0.984109998 0.860449016 0 0.651924014 0.315706998 0 0 0 0 0 0 0 0.204898998 0.324198008 0 0 0 0 0 0 0.384139001 0 0 0 1 0.789915979
 0.990944982 0 0.495483994 0.300671995 0 0 0.278982013 0.66860801 0 0 0 0 0.918726981 0 0 0 0 0 0 0 0 0 0 0.502196014 0 0.989292979 0.486348987 0.673129022 0 0 0 0.976799011 0.984422982 0.61235702 0.810697973 0.303824991 0 0.406170011 0.206571996 0 0.948852003 0 0 0 0.401335001 0.271405011 0 0.464130998 0 0 0 0 0 0.741539001 0 0 0 0 0 0 0 0 0 0.26730299 0.66229099 0
 1 0.766146004 0 0 0 0 0 0.555759013 0 0 0.323404998 0 0.726822019 0 0.67680198 0 0 0 0 0 0 0 0 0 0 0.98219502 0 0.522213995 0 0 0 0.726639986 0.718909025 0.495000988 0 0.622986019 0 0.492237002 0.482421994 0 0.869795024 0.694940984 0.310185999 0.527200997 0.561923027 0 0.999991 0 0 0 0 0 0.288500994 0.682717025 0 0 0 0 0 0 0 0 0 0.808534026 0.464744985 0.587669015
 0.738753021 0 0.941645026 0.565246999 0 0 0 0 0 0 0 0 0.866644979 0 0 0 0 0 0 0 0 0 0 0.750419021 0 0.984062016 0 0.366149008 0 0 0 0.980781972 0 0.439285994 0.463272005 0.701131999 0 0.493743986 0.831562996 0 0.987838984 0 0 0 0 0 0 0.332224995 0 0 0 0 0 0.649905026 0.92315203 0 0 0 0 0 0 0 0 0.464387 0.884616971 0.532949984
 0.982179999 0 0.188841 0.499660999 0 0 0 0.450489014 0 0 0 0 0.731628001 0 0.237713993 0 0 0 0 0 0 0 0 0.343019992 0 0.983769 0 0 0 0 0 0.583612025 0 0 0 0.989542007 0 0.687102973 0.940263987 0 0.977216005 0 0 0 0.293096989 0 0 0 0 0 0 0 0 0.911710978 0 0 0 0 0 0 0 0 0 0 0 0
 0.983915985 0 0.974650025 0 0 0 0 0.639671981 0 0 0.583885014 0 0.983793974 0 0.356514007 0 0 0 0.569074988 0 0 0 0 0 0 0.986787021 0 0.725870013 0 0 0 0.991923988 0.982658982 0 0.647719979 0 0 0.612559974 0.416779995 0 0.991913021 0.740913987 0 0 0.308295012 0.776322007 0 0 0 0 0 0 0 0.546990991 0 0 0 0 0 0 0.513854027 0 0 0 0.769064009 0
 0.666383028 0 0.484499007 0.641278028 0 0 0 0.624836981 0 0 0 0 0.932237029 0 0.576062024 0 0 0 0 0 0 0 0 0.353078991 0 0.875002027 0 0 0 0 0 0.917666018 0.664301991 0.371109009 0.519568026 0 0 0.608402014 0.67929101 0 0.980593026 0.805700004 0.624390006 0.965952992 0.667537987 0 0.567785025 0 0 0 0 0 0 0.548662007 0 0 0 0 0 0 0.375440001 0 0 0.672654986 0.683956027 0.616306007
 0.951282978 0 0.421178013 0 0 0 0.345582008 0.816524029 0.265969008 0 0.508655012 0 0.99171102 0 0.474399 0 0 0 0 0 0 0 0 0.969237983 0.520070016 0.981887996 0 0.570253015 0 0 0 0.922110021 0.475600004 0 0 0 0 0.52204299 0 0 0.983242989 0.852222025 0.205856994 0.804432988 0 0.311239004 0 0 0 0 0 0 0 0 0.832993984 0 0 0 0 0 0 0 0 0.266671985 0.641736984 0
 0.980606019 0 0.780705988 0 0 0 0 0.986169994 0.310191989 0.918989003 0.290975988 0.188473001 0.611904025 0 0 0 0 0 0 0 0 0 0 0.53085798 0 0.999581993 0 0.832020998 0 0 0 0.971760988 0.769347012 0.306751996 0.863946021 0 0 0.486221999 0.874350011 0 0.97250098 0 0 0 0.597526014 0 0 0.272738993 0 0 0 0 0 0 0.95926398 0 0 0 0 0 0 0.294301003 0 0 0.450836003 0
 0.670562029 0 0.840375006 0.468686014 0 0 0 0 0.367561996 0.466773987 0.238849998 0 0.618116021 0 0 0 0 0 0 0 0 0 0.382849991 0.775173008 0 0.985741973 0.528748989 0 0 0 0 0.983515978 0.669387996 0 0 0.965034008 0 0.532185018 0 0 0.984685004 0 0 0 0 0 0.212209001 0 0 0 0 0 0 0.542487025 0 0 0 0 0 0 0 0 0 0 0.792587996 0
 0.99991399 0 0.722687006 0.268353999 0 0 0.804340005 0.662065029 0.803013027 0 0 0 0.550144017 0 0 0 0 0 0.606010973 0 0 0 0 0 0 0.969272017 0.575784028 0 0 0 0 0.886403024 0.392116994 0 0.315504998 0.420464993 0 0.529690981 0 0 0.861401021 0.453554004 0 0 0.981221974 0.538190007 0 0 0 0 0 0 0 0.528437972 0 0 0 0 0 0 0.305541009 0 0 0.849581003 0.985952973 0
 0.877131999 0 0.731536984 0.469298989 0 0.48398599 0.465413004 0 0 0 0 0 0.98931098 0 0.777332008 0.27947399 0 0 0 0 0 0 0 0 0 0.912256002 0 0 0 0 0 0.524168015 0.500755012 0 0 0.314891994 0 0.512911022 0.194062993 0 0.694534004 0.484207988 0 0.492520005 0 0 0.673183024 0.729875028 0 0 0 0 0 0 0 0 0 0 0 0.219571993 0.347905993 0 0 0.300179988 0.932945013 0.383711994
 0.769966006 0 0 0 0 0 0 0.497207999 0 0 0 0 0.702629983 0 0 0 0 0 0 0 0 0 0 0.418119997 0 0.878605008 0 0 0 0 0 0.493714988 0 0 0 0.430727005 0 0.577803016 0.440777004 0 0.997497976 0.322026998 0.428681999 0 0.990872025 0 0 0 0 0 0 0 0 0 0 0 0 0.413590997 0 0 0.881946027 0 0 0.412346005 0.791598022 0
 0.997205973 0 0.485664994 0.52283299 0 0 0 0 0 0 0 0 0.849063993 0 0 0 0 0.319673002 0 0 0 0 0.366759002 0.362415999 0 0.927770019 0 0.773617029 0 0 0 0.999996006 0.990831017 0 0.604260981 0 0.558466971 0.441219985 0.665597975 0.355641007 0.873730004 0.626707017 0 0 0 0.184958994 0 0 0 0 0 0 0.968713999 0.93383503 0 0 0 0 0 0 0.321098 0 0 0 0 0
